7681
4107
2584
9242
5149
5662
9766
7207
7722
9265
8762
5694
8261
9293
9299
5716
9812
2135
2139
8803
3684
105
1131
627
5751
5753
6777
127
4229
4752
4245
6309
9392
3761
4787
9919
9920
7359
9413
6344
2764
5837
7380
6359
2265
9946
7390
278643
6886
4842
5362
433934343
2805
4345
3850
6422
9500343
85034
338543
4927
6977
1351
8011
80144343
1876
5461
5974
1373
7525
4965
4468
887
1925
8070
8072
8079
3472
2960
705834344
2452
6040
6561
7587
1957
91363
914534
5566
60783
556934
9155
506800
5077
5078
990000
7147
91960
664100
4597
8697
97270
